$Debug Menu []
0665CC60 00000144
00000000 00000000
80192F4C 00000000
00000000 00000000
00000000 00000000
00000000 00000000
80192F7C 00000000
00000000 00000000
00000000 00000000
00000000 00000000
00000000 00000000
00000000 00000000
00000000 00000000
00000001 803001DC
80192F90 00000000
00000000 8065CDA4
00000000 00000000
00000001 803001DC
801931A4 00000000
00000000 8065D2D0
00000000 00000000
00000001 803001DC
80193DDC 00000000
00000000 8065D978
00000000 00000000
00000001 803001DC
80194444 00000000
00000000 8065E56C
00000000 00000000
00000001 803001DC
80194450 00000000
00000000 8065E770
00000000 00000000
00000001 803001DC
80195E30 00000000
00000000 80660498
00000000 00000000
00000001 803001DC
80195E38 00000000
00000000 8066067C
00000000 00000000
00000009 00000000
0665CDA4 00000144
00000000 00000000
80192F90 00000000
00000000 00000000
00000000 00000000
00000000 00000000
00000000 00000000
00000000 00000000
00000000 00000000
00000001 8032C908
80192F98 00000000
00000000 8065CEE8
00000000 00000000
00000001 8032C908
80193100 00000000
00000000 8065D18C
00000000 00000000
00000000 00000000
00000000 00000000
00000000 00000000
00000000 00000000
00000008 00000000
80193110 00000000
80199F9C 3D800000
40400000 3D800000
00000002 00000000
80193124 80193138
80199FA0 00000000
40000000 3F800000
00000002 00000000
8019314C 8019315C
80199FA4 00000000
40400000 3F800000
00000002 00000000
80193184 80193138
80199FA8 00000000
40000000 3F800000
00000002 00000000
80193194 80193138
80199FAC 00000000
40000000 3F800000
00000009 00000000
0665CEE8 000002A4
00000000 00000000
80192F98 00000000
00000000 00000000
00000000 00000000
00000000 00000000
00000000 00000000
00000000 00000000
00000000 00000000
00000000 00000000
80192FAC 00000000
00000000 00000000
00000000 00000000
00000008 00000000
80192FC0 00000000
80199F4C 3D800000
40400000 3D800000
00000008 00000000
80192FCC 00000000
80199F50 3D800000
40400000 3D800000
00000008 00000000
80192FD8 00000000
80199F54 3D800000
40400000 3D800000
00000000 00000000
00000000 00000000
00000000 00000000
00000000 00000000
00000000 00000000
80192FE4 00000000
00000000 00000000
00000000 00000000
00000008 00000000
80192FC0 00000000
80199F58 3D800000
40400000 3D800000
00000008 00000000
80192FCC 00000000
80199F5C 3D800000
40400000 3D800000
00000008 00000000
80192FD8 00000000
80199F60 3D800000
40400000 3D800000
00000000 00000000
00000000 00000000
00000000 00000000
00000000 00000000
00000000 00000000
80192FF8 00000000
00000000 00000000
00000000 00000000
00000008 00000000
80192FC0 00000000
80199F64 3D800000
40400000 3D800000
00000008 00000000
80192FCC 00000000
80199F68 3D800000
40400000 3D800000
00000008 00000000
80192FD8 00000000
80199F6C 3D800000
40400000 3D800000
00000000 00000000
00000000 00000000
00000000 00000000
00000000 00000000
00000000 00000000
8019300C 00000000
00000000 00000000
00000000 00000000
00000008 00000000
80192FC0 00000000
80199F70 3D800000
40400000 3D800000
00000008 00000000
80192FCC 00000000
80199F74 3D800000
40400000 3D800000
00000008 00000000
80192FD8 00000000
80199F78 3D800000
40400000 3D800000
00000009 00000000
0665D18C 00000144
00000000 00000000
80193020 00000000
00000000 00000000
00000000 00000000
00000000 00000000
00000000 00000000
00000000 00000000
00000000 00000000
00000002 00000000
80193030 80193048
80199F7C 00000000
40000000 3F800000
00000002 00000000
80193068 80193048
80199F80 00000000
40000000 3F800000
00000002 00000000
8019308C 80193048
80199F84 00000000
40000000 3F800000
00000002 00000000
801930A4 80193048
80199F88 00000000
40000000 3F800000
00000003 00000000
801930B8 00000000
80199F8C 00000000
43160000 3F800000
00000002 00000000
801930CC 80193048
80199F90 00000000
40000000 3F800000
00000002 00000000
801930DC 80193048
80199F94 00000000
40000000 3F800000
00000002 00000000
801930E0 80193048
80199F98 00000000
40000000 3F800000
00000009 00000000
0665D2D0 00000304
00000000 00000000
801931A4 00000000
00000000 00000000
00000000 00000000
00000000 00000000
00000000 00000000
00000000 00000000
00000000 00000000
00000001 8032C908
80193B80 00000000
00000000 8065D5D4
00000000 00000000
00000000 00000000
80193BA4 00000000
00000000 00000000
00000000 00000000
00000000 00000000
00000000 00000000
00000000 00000000
00000000 00000000
00000002 00000000
80193BE8 80193048
8019A024 00000000
40000000 3F800000
00000002 00000000
80193BF4 80193048
8019A028 00000000
40000000 3F800000
00000002 00000000
80193C18 80193048
8019A02C 00000000
40000000 3F800000
00000002 00000000
80193C2C 80193048
8019A030 00000000
40000000 3F800000
00000002 00000000
80193C3C 80193048
8019A034 00000000
40000000 3F800000
00000002 00000000
80193C58 80193048
8019A038 00000000
40000000 3F800000
00000002 00000000
80193C6C 80193048
8019A03C 00000000
40000000 3F800000
00000002 00000000
80193C84 80193048
8019A040 00000000
40000000 3F800000
00000002 00000000
80193C9C 80193048
8019A044 00000000
40000000 3F800000
00000002 00000000
80193CBC 80193048
8019A048 00000000
40000000 3F800000
00000002 00000000
80193CE4 80193048
8019A04C 00000000
40000000 3F800000
00000002 00000000
80193D00 80193048
8019A050 00000000
40000000 3F800000
00000002 00000000
80193D1C 80193048
8019A054 00000000
40000000 3F800000
00000002 00000000
80193D40 80193048
8019A058 00000000
40000000 3F800000
00000002 00000000
80193D64 80193048
8019A05C 00000000
40000000 3F800000
00000002 00000000
80193D74 80193048
8019A060 00000000
40000000 3F800000
00000002 00000000
80193D94 80193048
8019A064 00000000
40000000 3F800000
00000002 00000000
80193DA8 80193048
8019A068 00000000
40000000 3F800000
00000002 00000000
80193DC0 80193048
8019A06C 00000000
40000000 3F800000
00000009 00000000
0665D5D4 000003A4
00000002 00000000
801931AC 801931BC
80199FB0 00000000
42C20000 3F800000
00000002 00000000
801939BC 801931BC
80199FB4 00000000
42C20000 3F800000
00000002 00000000
801939D0 801931BC
80199FB8 00000000
42C20000 3F800000
00000002 00000000
801939E0 801931BC
80199FBC 00000000
42C20000 3F800000
00000002 00000000
801939F0 801931BC
80199FC0 00000000
42C20000 3F800000
00000002 00000000
801939FC 801931BC
80199FC4 00000000
42C20000 3F800000
00000002 00000000
80193A0C 801931BC
80199FC8 00000000
42C20000 3F800000
00000002 00000000
80193A18 801931BC
80199FCC 00000000
42C20000 3F800000
00000002 00000000
80193A2C 801931BC
80199FD0 00000000
42C20000 3F800000
00000002 00000000
80193A3C 801931BC
80199FD4 00000000
42C20000 3F800000
00000002 00000000
80193A4C 801931BC
80199FD8 00000000
42C20000 3F800000
00000002 00000000
80193A64 801931BC
80199FDC 00000000
42C20000 3F800000
00000002 00000000
80193A74 801931BC
80199FE0 00000000
42C20000 3F800000
00000002 00000000
80193A80 801931BC
80199FE4 00000000
42C20000 3F800000
00000002 00000000
80193A88 801931BC
80199FE8 00000000
42C20000 3F800000
00000002 00000000
80193A9C 801931BC
80199FEC 00000000
42C20000 3F800000
00000002 00000000
80193AAC 801931BC
80199FF0 00000000
42C20000 3F800000
00000002 00000000
80193AB8 801931BC
80199FF4 00000000
42C20000 3F800000
00000002 00000000
80193AC4 801931BC
80199FF8 00000000
42C20000 3F800000
00000002 00000000
80193ACC 801931BC
80199FFC 00000000
42C20000 3F800000
00000002 00000000
80193AD8 801931BC
8019A000 00000000
42C20000 3F800000
00000002 00000000
80193AEC 801931BC
8019A004 00000000
42C20000 3F800000
00000002 00000000
80193B04 801931BC
8019A008 00000000
42C20000 3F800000
00000002 00000000
80193B1C 801931BC
8019A00C 00000000
42C20000 3F800000
00000002 00000000
80193B28 801931BC
8019A010 00000000
42C20000 3F800000
00000002 00000000
80193B38 801931BC
8019A014 00000000
42C20000 3F800000
00000002 00000000
80193B4C 801931BC
8019A018 00000000
42C20000 3F800000
00000002 00000000
80193B58 801931BC
8019A01C 00000000
42C20000 3F800000
00000002 00000000
80193B6C 801931BC
8019A020 00000000
42C20000 3F800000
00000009 00000000
0665D978 00000164
00000000 00000000
80193DDC 00000000
00000000 00000000
00000000 00000000
00000000 00000000
00000000 00000000
00000000 00000000
00000000 00000000
00000002 00000000
80193DE4 80193048
8019A070 00000000
40000000 3F800000
00000003 00000000
80193DF8 00000000
8019A074 00000000
44FA0000 40A00000
00000000 00000000
00000000 00000000
00000000 00000000
00000000 00000000
00000001 8032C908
80193E08 00000000
00000000 8065DADC
00000000 00000000
00000001 8032C908
80194298 00000000
00000000 8065E084
00000000 00000000
00000000 00000000
00000000 00000000
00000000 00000000
00000000 00000000
00000003 00000000
801942C0 00000000
8019A178 00000000
42C80000 3F800000
00000002 00000000
801942D8 80193048
8019A17C 00000000
40000000 3F800000
00000002 00000000
801942EC 80193048
8019A180 00000000
40000000 3F800000
00000009 00000000
0665DADC 000003A4
00000000 00000000
80193E08 00000000
00000000 00000000
00000000 00000000
00000000 00000000
00000000 00000000
00000000 00000000
00000000 00000000
00000001 8032C908
80193FA4 00000000
00000000 8065DE80
00000000 00000000
00000008 00000000
80193FB0 00000000
8019A09C 00000000
42C80000 3DCCCCCD
00000008 00000000
80193FB8 00000000
8019A0A0 00000000
42C80000 3DCCCCCD
00000008 00000000
80193FC4 00000000
8019A0A4 00000000
42C80000 3DCCCCCD
00000008 00000000
80193FD4 00000000
8019A0A8 00000000
42C80000 3DCCCCCD
00000008 00000000
80193FE4 00000000
8019A0AC 00000000
42C80000 3DCCCCCD
00000008 00000000
80193FEC 00000000
8019A0B0 00000000
42C80000 3DCCCCCD
00000008 00000000
80193FF8 00000000
8019A0B4 00000000
42C80000 3DCCCCCD
00000008 00000000
80194004 00000000
8019A0B8 00000000
42C80000 3DCCCCCD
00000008 00000000
8019400C 00000000
8019A0BC 00000000
42C80000 3DCCCCCD
00000008 00000000
80194018 00000000
8019A0C0 00000000
42C80000 3DCCCCCD
00000008 00000000
80194024 00000000
8019A0C4 00000000
42C80000 3DCCCCCD
00000008 00000000
8019402C 00000000
8019A0C8 00000000
42C80000 3DCCCCCD
00000008 00000000
80194034 00000000
8019A0CC 00000000
42C80000 3DCCCCCD
00000008 00000000
8019403C 00000000
8019A0D0 00000000
42C80000 3DCCCCCD
00000008 00000000
80194048 00000000
8019A0D4 00000000
42C80000 3DCCCCCD
00000008 00000000
80194050 00000000
8019A0D8 00000000
42C80000 3DCCCCCD
00000008 00000000
8019405C 00000000
8019A0DC 00000000
42C80000 3DCCCCCD
00000008 00000000
80194068 00000000
8019A0E0 00000000
42C80000 3DCCCCCD
00000008 00000000
80194074 00000000
8019A0E4 00000000
42C80000 3DCCCCCD
00000008 00000000
80194078 00000000
8019A0E8 00000000
42C80000 3DCCCCCD
00000008 00000000
80194084 00000000
8019A0EC 00000000
42C80000 3DCCCCCD
00000008 00000000
80194094 00000000
8019A0F0 00000000
42C80000 3DCCCCCD
00000008 00000000
801940A4 00000000
8019A0F4 00000000
42C80000 3DCCCCCD
00000008 00000000
801940AC 00000000
8019A0F8 00000000
42C80000 3DCCCCCD
00000008 00000000
801940B8 00000000
8019A0FC 00000000
42C80000 3DCCCCCD
00000008 00000000
801940C8 00000000
8019A100 00000000
42C80000 3DCCCCCD
00000009 00000000
0665DE80 00000204
00000000 00000000
80193E08 00000000
00000000 00000000
00000000 00000000
00000000 00000000
00000000 00000000
00000000 00000000
00000000 00000000
00000008 00000000
80193E2C 00000000
8019A078 00000000
42C80000 3DCCCCCD
00000008 00000000
80193E38 00000000
8019A07C 00000000
42C80000 3DCCCCCD
00000008 00000000
80193E48 00000000
8019A080 00000000
42C80000 3DCCCCCD
00000008 00000000
80193E54 00000000
8019A084 00000000
42C80000 3DCCCCCD
00000008 00000000
80193E60 00000000
8019A088 00000000
42C80000 3DCCCCCD
00000008 00000000
80193E70 00000000
8019A08C 00000000
42C80000 3DCCCCCD
00000008 00000000
80193E7C 00000000
8019A090 00000000
42C80000 3DCCCCCD
00000008 00000000
80193E80 00000000
8019A094 00000000
42C80000 3DCCCCCD
00000008 00000000
80193E88 00000000
8019A098 00000000
42C80000 3DCCCCCD
00000000 00000000
00000000 00000000
00000000 00000000
00000000 00000000
00000000 00000000
80193E8C 00000000
00000000 00000000
00000000 00000000
00000000 00000000
80193ED0 00000000
00000000 00000000
00000000 00000000
00000000 00000000
80193F18 00000000
00000000 00000000
00000000 00000000
00000000 00000000
80193F60 00000000
00000000 00000000
00000000 00000000
00000009 00000000
0665E084 000003A4
00000000 00000000
801940D4 00000000
00000000 00000000
00000000 00000000
00000000 00000000
00000000 00000000
00000000 00000000
00000000 00000000
00000001 8032C908
801941AC 00000000
00000000 8065E428
00000000 00000000
00000008 00000000
801941B8 00000000
8019A110 00000000
42C80000 3DCCCCCD
00000008 00000000
801941C4 00000000
8019A114 00000000
42C80000 3DCCCCCD
00000008 00000000
801941CC 00000000
8019A118 00000000
42C80000 3DCCCCCD
00000008 00000000
801941D8 00000000
8019A11C 00000000
42C80000 3DCCCCCD
00000008 00000000
801941E0 00000000
8019A120 00000000
42C80000 3DCCCCCD
00000008 00000000
801941EC 00000000
8019A124 00000000
42C80000 3DCCCCCD
00000008 00000000
801941F4 00000000
8019A128 00000000
42C80000 3DCCCCCD
00000008 00000000
801941FC 00000000
8019A12C 00000000
42C80000 3DCCCCCD
00000008 00000000
80194208 00000000
8019A130 00000000
42C80000 3DCCCCCD
00000008 00000000
80194214 00000000
8019A134 00000000
42C80000 3DCCCCCD
00000008 00000000
8019421C 00000000
8019A138 00000000
42C80000 3DCCCCCD
00000008 00000000
80193754 00000000
8019A13C 00000000
42C80000 3DCCCCCD
00000008 00000000
80194224 00000000
8019A140 00000000
42C80000 3DCCCCCD
00000008 00000000
8019422C 00000000
8019A144 00000000
42C80000 3DCCCCCD
00000008 00000000
80194234 00000000
8019A148 00000000
42C80000 3DCCCCCD
00000008 00000000
80194240 00000000
8019A14C 00000000
42C80000 3DCCCCCD
00000008 00000000
80194248 00000000
8019A150 00000000
42C80000 3DCCCCCD
00000008 00000000
80194250 00000000
8019A154 00000000
42C80000 3DCCCCCD
00000008 00000000
80194258 00000000
8019A158 00000000
42C80000 3DCCCCCD
00000008 00000000
80194260 00000000
8019A15C 00000000
42C80000 3DCCCCCD
00000008 00000000
8019426C 00000000
8019A160 00000000
42C80000 3DCCCCCD
00000008 00000000
80194274 00000000
8019A164 00000000
42C80000 3DCCCCCD
00000008 00000000
80194278 00000000
8019A168 00000000
42C80000 3DCCCCCD
00000008 00000000
80194280 00000000
8019A16C 00000000
42C80000 3DCCCCCD
00000008 00000000
80194288 00000000
8019A170 00000000
42C80000 3DCCCCCD
00000008 00000000
80194290 00000000
8019A174 00000000
42C80000 3DCCCCCD
00000009 00000000
0665E428 00000144
00000000 00000000
801940D4 00000000
00000000 00000000
00000000 00000000
00000000 00000000
00000000 00000000
00000000 00000000
00000000 00000000
00000008 00000000
801940FC 00000000
8019A104 00000000
42C80000 3DCCCCCD
00000008 00000000
80194108 00000000
8019A108 00000000
42C80000 3DCCCCCD
00000008 00000000
80194110 00000000
8019A10C 00000000
42C80000 3DCCCCCD
00000000 00000000
00000000 00000000
00000000 00000000
00000000 00000000
00000000 00000000
80193E8C 00000000
00000000 00000000
00000000 00000000
00000000 00000000
8019411C 00000000
00000000 00000000
00000000 00000000
00000000 00000000
80194164 00000000
00000000 00000000
00000000 00000000
00000000 00000000
80193F60 00000000
00000000 00000000
00000000 00000000
00000009 00000000
0665E56C 00000204
00000000 00000000
80194304 00000000
00000000 00000000
00000000 00000000
00000000 00000000
00000000 00000000
00000000 00000000
00000000 00000000
00000002 00000000
80194318 80193048
8019A184 00000000
40000000 3F800000
00000002 00000000
80194324 80193048
8019A188 00000000
40000000 3F800000
00000002 00000000
8019433C 80193048
8019A18C 00000000
40000000 3F800000
00000002 00000000
8019434C 80193048
8019A190 00000000
40000000 3F800000
00000002 00000000
80194360 80193048
8019A194 00000000
40000000 3F800000
00000002 00000000
80194374 80193048
8019A198 00000000
40000000 3F800000
00000002 00000000
80194388 80193048
8019A19C 00000000
40000000 3F800000
00000002 00000000
801943A0 80193048
8019A1A0 00000000
40000000 3F800000
00000002 00000000
801943B0 80193048
8019A1A4 00000000
40000000 3F800000
00000002 00000000
801943CC 80193048
8019A1A8 00000000
40000000 3F800000
00000002 00000000
801943E8 80193048
8019A1AC 00000000
40000000 3F800000
00000002 00000000
80194400 80193048
8019A1B0 00000000
40000000 3F800000
00000002 00000000
80194410 80193048
8019A1B4 00000000
40000000 3F800000
00000002 00000000
80194424 80193048
8019A1B8 00000000
40000000 3F800000
00000009 00000000
0665E770 00000164
00000000 00000000
80194450 00000000
00000000 00000000
00000000 00000000
00000000 00000000
00000000 00000000
00000000 00000000
00000000 00000000
00000001 8032C908
80194B50 00000000
00000000 8065E8D4
00000000 00000000
00000001 8032C908
80194D88 00000000
00000000 8065EE48
00000000 00000000
00000001 8032C908
801950A0 00000000
00000000 8065F154
00000000 00000000
00000001 8032C908
801958B4 00000000
00000000 8065F460
00000000 00000000
00000001 8032C908
80195A00 00000000
00000000 8065FE9C
00000000 00000000
00000001 8032C908
80195AFC 00000000
00000000 806600E8
00000000 00000000
00000000 00000000
00000000 00000000
00000000 00000000
00000000 00000000
00000001 8032C908
80195B08 00000000
00000000 80660334
00000000 00000000
00000002 00000000
80195C6C 80193048
8019A2A8 00000000
40000000 3F800000
00000009 00000000
0665E8D4 000001C4
00000000 00000000
8019445C 00000000
00000000 00000000
00000000 00000000
00000000 00000000
80194480 00000000
00000000 00000000
00000000 00000000
00000000 00000000
801944A4 00000000
00000000 00000000
00000000 00000000
00000000 00000000
801944C8 00000000
00000000 00000000
00000000 00000000
00000000 00000000
801944EC 00000000
00000000 00000000
00000000 00000000
00000000 00000000
80194510 00000000
00000000 00000000
00000000 00000000
00000000 00000000
80194534 00000000
00000000 00000000
00000000 00000000
00000000 00000000
80194558 00000000
00000000 00000000
00000000 00000000
00000000 00000000
00000000 00000000
00000000 00000000
00000000 00000000
00000000 8032C850
8019457C 00000000
00000000 00000000
00000000 00000000
00000001 8032C908
80194770 00000000
00000000 8065EA98
00000000 00000000
00000001 8032C908
801948B4 00000000
00000000 8065EB7C
00000000 00000000
00000001 8032C908
801948E8 00000000
00000000 8065EC80
00000000 00000000
00000001 8032C908
80194B40 00000000
00000000 8065ECE4
00000000 00000000
00000009 00000000
0665EA98 000000E4
00000000 00000000
80194580 00000000
00000000 00000000
00000000 00000000
00000000 00000000
00000000 00000000
00000000 00000000
00000000 00000000
00000001 8032C914
8019458C 00000000
00000000 8065EB7C
00000000 00000000
00000002 00000000
8019459C 801945B4
8019A1BC 00000000
41D80000 3F800000
00000002 00000000
80194728 801945B4
8019A1C0 00000000
41D80000 3F800000
00000002 00000000
80194740 801945B4
8019A1C4 00000000
41D80000 3F800000
00000002 00000000
80194758 801945B4
8019A1C8 00000000
41D80000 3F800000
00000009 00000000
0665EB7C 00000104
00000000 00000000
80194780 00000000
00000000 00000000
00000000 00000000
00000000 00000000
00000000 00000000
00000000 00000000
00000000 00000000
00000002 00000000
80194790 8019479C
8019A1CC 00000000
40800000 3F800000
00000002 00000000
80194808 80194810
8019A1D0 00000000
40C00000 3F800000
00000002 00000000
80194850 80194858
8019A1D4 00000000
40000000 3F800000
00000003 00000000
80193DF8 00000000
8019A1D8 00000000
43F00000 40A00000
00000003 00000000
80194884 00000000
8019A1DC 00000000
41D00000 3F800000
00000002 00000000
8019489C 80193048
8019A1E0 00000000
40000000 3F800000
00000009 00000000
0665EC80 00000064
00000000 00000000
801948C8 00000000
00000000 00000000
00000000 00000000
00000000 00000000
00000000 00000000
00000000 00000000
00000000 00000000
00000003 00000000
801948D8 00000000
8019A1E4 00000000
44E10000 41700000
00000009 00000000
0665ECE4 00000164
00000000 00000000
801948FC 00000000
00000000 00000000
00000000 00000000
00000000 00000000
00000000 00000000
00000000 00000000
00000000 00000000
00000000 00000000
80194908 00000000
00000000 00000000
00000000 00000000
00000000 00000000
8019494C 00000000
00000000 00000000
00000000 00000000
00000000 00000000
80194990 00000000
00000000 00000000
00000000 00000000
00000000 00000000
801949D0 00000000
00000000 00000000
00000000 00000000
00000000 00000000
80194A14 00000000
00000000 00000000
00000000 00000000
00000000 00000000
80194A58 00000000
00000000 00000000
00000000 00000000
00000000 00000000
80194A98 00000000
00000000 00000000
00000000 00000000
00000000 00000000
80194AD8 00000000
00000000 00000000
00000000 00000000
00000000 00000000
80194B10 00000000
00000000 00000000
00000000 00000000
00000009 00000000
0665EE48 00000184
00000000 00000000
80194B64 00000000
00000000 00000000
00000000 00000000
00000000 00000000
80194B7C 00000000
00000000 00000000
00000000 00000000
00000000 00000000
80194B94 00000000
00000000 00000000
00000000 00000000
00000000 00000000
80194BAC 00000000
00000000 00000000
00000000 00000000
00000000 00000000
80194BC4 00000000
00000000 00000000
00000000 00000000
00000000 00000000
80194BDC 00000000
00000000 00000000
00000000 00000000
00000000 00000000
80194BF4 00000000
00000000 00000000
00000000 00000000
00000000 00000000
80194C0C 00000000
00000000 00000000
00000000 00000000
00000000 00000000
00000000 00000000
00000000 00000000
00000000 00000000
00000001 8032C918
80194C24 00000000
00000000 8065EFCC
00000000 00000000
00000001 8032C908
80194C90 00000000
00000000 8065EFCC
00000000 00000000
00000001 8032C908
80194D78 00000000
00000000 8065F090
00000000 00000000
00000009 00000000
0665EFCC 000000C4
00000000 00000000
80194C2C 00000000
00000000 00000000
00000000 00000000
00000000 00000000
00000000 00000000
00000000 00000000
00000000 00000000
00000003 00000000
80194C38 00000000
8019A1E8 00000000
41C80000 3F800000
00000003 00000000
80194C50 00000000
8019A1EC 00000000
41C80000 3F800000
00000003 00000000
80194C68 00000000
8019A1F0 00000000
41C80000 3F800000
00000003 00000000
80194C78 00000000
8019A1F4 00000000
437A0000 3F800000
00000009 00000000
0665F090 000000C4
00000000 00000000
801948FC 00000000
00000000 00000000
00000000 00000000
00000000 00000000
00000000 00000000
00000000 00000000
00000000 00000000
00000000 00000000
80194C9C 00000000
00000000 00000000
00000000 00000000
00000000 00000000
80194CDC 00000000
00000000 00000000
00000000 00000000
00000000 00000000
80194D20 00000000
00000000 00000000
00000000 00000000
00000000 00000000
80194D64 00000000
00000000 00000000
00000000 00000000
00000009 00000000
0665F154 00000184
00000000 00000000
80194D94 00000000
00000000 00000000
00000000 00000000
00000000 00000000
80194DC0 00000000
00000000 00000000
00000000 00000000
00000000 00000000
80194DEC 00000000
00000000 00000000
00000000 00000000
00000000 00000000
80194E18 00000000
00000000 00000000
00000000 00000000
00000000 00000000
80194E44 00000000
00000000 00000000
00000000 00000000
00000000 00000000
80194E70 00000000
00000000 00000000
00000000 00000000
00000000 00000000
80194E9C 00000000
00000000 00000000
00000000 00000000
00000000 00000000
80194EC8 00000000
00000000 00000000
00000000 00000000
00000000 00000000
00000000 00000000
00000000 00000000
00000000 00000000
00000001 8032C910
80194C24 00000000
00000000 8065F2D8
00000000 00000000
00000001 8032C908
80194F38 00000000
00000000 8065F2D8
00000000 00000000
00000001 8032C908
8019508C 00000000
00000000 8065F37C
00000000 00000000
00000009 00000000
0665F2D8 000000A4
00000000 00000000
80194780 00000000
00000000 00000000
00000000 00000000
00000000 00000000
00000000 00000000
00000000 00000000
00000000 00000000
00000002 00000000
80194790 80194EF4
8019A1F8 00000000
40000000 3F800000
00000003 00000000
80194F1C 00000000
8019A1FC 00000000
469C4000 41C80000
00000003 00000000
80194F28 00000000
8019A200 00000000
42F00000 3F800000
00000009 00000000
0665F37C 000000E4
00000000 00000000
801948FC 00000000
00000000 00000000
00000000 00000000
00000000 00000000
00000000 00000000
00000000 00000000
00000000 00000000
00000000 00000000
80194F48 00000000
00000000 00000000
00000000 00000000
00000000 00000000
80194F8C 00000000
00000000 00000000
00000000 00000000
00000000 00000000
80194FCC 00000000
00000000 00000000
00000000 00000000
00000000 00000000
8019500C 00000000
00000000 00000000
00000000 00000000
00000000 00000000
80195050 00000000
00000000 00000000
00000000 00000000
00000009 00000000
0665F460 000001A4
00000000 00000000
801950B4 00000000
00000000 00000000
00000000 00000000
00000000 00000000
801950CC 00000000
00000000 00000000
00000000 00000000
00000000 00000000
801950E4 00000000
00000000 00000000
00000000 00000000
00000000 00000000
801950FC 00000000
00000000 00000000
00000000 00000000
00000000 00000000
80195114 00000000
00000000 00000000
00000000 00000000
00000000 00000000
8019512C 00000000
00000000 00000000
00000000 00000000
00000000 00000000
80195144 00000000
00000000 00000000
00000000 00000000
00000000 00000000
8019515C 00000000
00000000 00000000
00000000 00000000
00000000 00000000
00000000 00000000
00000000 00000000
00000000 00000000
00000000 8032C850
8019457C 00000000
00000000 00000000
00000000 00000000
00000001 8032C908
8019458C 00000000
00000000 8065F604
00000000 00000000
00000001 8032C908
801956C0 00000000
00000000 8065FA54
00000000 00000000
00000001 8032C908
801956D4 00000000
00000000 8065FAF8
00000000 00000000
00000009 00000000
0665F604 00000144
00000000 00000000
80194580 00000000
00000000 00000000
00000000 00000000
00000000 00000000
00000000 00000000
00000000 00000000
00000000 00000000
00000001 8032C8C8
80195174 00000000
00000000 8065F748
00000000 00000000
00000001 8032C908
8019518C 00000000
00000000 8065F748
00000000 00000000
00000000 00000000
00000000 00000000
00000000 00000000
00000000 00000000
00000001 8032C8CC
80195414 00000000
00000000 8065F8CC
00000000 00000000
00000001 8032C908
8019542C 00000000
00000000 8065F8CC
00000000 00000000
00000000 00000000
00000000 00000000
00000000 00000000
00000000 00000000
00000001 8032C8D0
8019555C 00000000
00000000 8065F9B0
00000000 00000000
00000001 8032C908
80195638 00000000
00000000 8065F9B0
00000000 00000000
00000009 00000000
0665F748 00000184
00000000 00000000
8019518C 00000000
00000000 00000000
00000000 00000000
00000000 00000000
00000000 00000000
00000000 00000000
00000000 00000000
00000000 00000000
801951A0 00000000
00000000 00000000
00000000 00000000
00000000 00000000
801951E4 00000000
00000000 00000000
00000000 00000000
00000000 00000000
80195224 00000000
00000000 00000000
00000000 00000000
00000000 00000000
80195264 00000000
00000000 00000000
00000000 00000000
00000000 00000000
801952A4 00000000
00000000 00000000
00000000 00000000
00000000 00000000
801952E4 00000000
00000000 00000000
00000000 00000000
00000000 00000000
80195324 00000000
00000000 00000000
00000000 00000000
00000000 00000000
80195364 00000000
00000000 00000000
00000000 00000000
00000000 00000000
801953A4 00000000
00000000 00000000
00000000 00000000
00000000 00000000
801953E4 00000000
00000000 00000000
00000000 00000000
00000009 00000000
0665F8CC 000000E4
00000000 00000000
8019542C 00000000
00000000 00000000
00000000 00000000
00000000 00000000
00000000 00000000
00000000 00000000
00000000 00000000
00000000 00000000
80195444 00000000
00000000 00000000
00000000 00000000
00000000 00000000
80195488 00000000
00000000 00000000
00000000 00000000
00000000 00000000
801954CC 00000000
00000000 00000000
00000000 00000000
00000000 00000000
80195510 00000000
00000000 00000000
00000000 00000000
00000000 00000000
80195550 00000000
00000000 00000000
00000000 00000000
00000009 00000000
0665F9B0 000000A4
00000000 00000000
80195574 00000000
00000000 00000000
00000000 00000000
00000000 00000000
00000000 00000000
00000000 00000000
00000000 00000000
00000000 00000000
80195590 00000000
00000000 00000000
00000000 00000000
00000000 00000000
801955D4 00000000
00000000 00000000
00000000 00000000
00000000 00000000
80195614 00000000
00000000 00000000
00000000 00000000
00000009 00000000
0665FA54 000000A4
00000000 00000000
80194C2C 00000000
00000000 00000000
00000000 00000000
00000000 00000000
00000000 00000000
00000000 00000000
00000000 00000000
00000003 00000000
80194884 00000000
8019A204 00000000
41D00000 3F800000
00000002 00000000
80195650 80195664
8019A208 00000000
40000000 3F800000
00000002 00000000
80195690 8019569C
8019A20C 00000000
40000000 3F800000
00000009 00000000
0665FAF8 000003A4
00000000 00000000
801956D4 00000000
00000000 00000000
00000000 00000000
00000000 00000000
00000000 00000000
00000000 00000000
00000000 00000000
00000003 00000000
801956E4 00000000
8019A210 00000000
461C4000 41200000
00000003 00000000
801956F8 00000000
8019A214 00000000
447A0000 40A00000
00000003 00000000
80195710 00000000
8019A218 00000000
447A0000 40A00000
00000003 00000000
80195724 00000000
8019A21C 00000000
447A0000 40A00000
00000003 00000000
80195730 00000000
8019A220 00000000
447A0000 40A00000
00000003 00000000
8019574C 00000000
8019A224 00000000
447A0000 40A00000
00000003 00000000
8019575C 00000000
8019A228 00000000
447A0000 40A00000
00000003 00000000
8019576C 00000000
8019A22C 00000000
447A0000 40A00000
00000003 00000000
80195778 00000000
8019A230 00000000
447A0000 40A00000
00000003 00000000
80195788 00000000
8019A234 00000000
447A0000 40A00000
00000003 00000000
80195798 00000000
8019A238 00000000
447A0000 40A00000
00000003 00000000
801957A8 00000000
8019A23C 00000000
447A0000 40A00000
00000003 00000000
801957B8 00000000
8019A240 00000000
447A0000 40A00000
00000003 00000000
801957C4 00000000
8019A244 00000000
447A0000 40A00000
00000003 00000000
801957D4 00000000
8019A248 00000000
447A0000 40A00000
00000003 00000000
801957E4 00000000
8019A24C 00000000
447A0000 40A00000
00000003 00000000
801957F8 00000000
8019A250 00000000
447A0000 40A00000
00000003 00000000
8019580C 00000000
8019A254 00000000
447A0000 40A00000
00000003 00000000
8019581C 00000000
8019A258 00000000
447A0000 40A00000
00000003 00000000
8019582C 00000000
8019A25C 00000000
447A0000 40A00000
00000003 00000000
8019583C 00000000
8019A260 00000000
447A0000 40A00000
00000003 00000000
8019584C 00000000
8019A264 00000000
447A0000 40A00000
00000003 00000000
8019585C 00000000
8019A268 00000000
447A0000 40A00000
00000003 00000000
80195870 00000000
8019A26C 00000000
447A0000 40A00000
00000003 00000000
80195884 00000000
8019A270 00000000
447A0000 40A00000
00000003 00000000
80195890 00000000
8019A274 00000000
447A0000 40A00000
00000003 00000000
801958A0 00000000
8019A278 00000000
447A0000 40A00000
00000009 00000000
0665FE9C 00000184
00000000 00000000
801958C0 00000000
00000000 00000000
00000000 00000000
00000000 00000000
801958D8 00000000
00000000 00000000
00000000 00000000
00000000 00000000
801958F0 00000000
00000000 00000000
00000000 00000000
00000000 00000000
80195908 00000000
00000000 00000000
00000000 00000000
00000000 00000000
80195920 00000000
00000000 00000000
00000000 00000000
00000000 00000000
80195938 00000000
00000000 00000000
00000000 00000000
00000000 00000000
80195950 00000000
00000000 00000000
00000000 00000000
00000000 00000000
80195968 00000000
00000000 00000000
00000000 00000000
00000000 00000000
00000000 00000000
00000000 00000000
00000000 00000000
00000001 8032C920
80194C24 00000000
00000000 80660020
00000000 00000000
00000001 8032C908
80195998 00000000
00000000 80660020
00000000 00000000
00000001 8032C908
801959E4 00000000
00000000 80660084
00000000 00000000
00000009 00000000
06660020 00000064
00000000 00000000
80194C2C 00000000
00000000 00000000
00000000 00000000
00000000 00000000
00000000 00000000
00000000 00000000
00000000 00000000
00000003 00000000
80195980 00000000
8019A27C 00000000
3F800000 40A00000
00000009 00000000
06660084 00000064
00000000 00000000
801948FC 00000000
00000000 00000000
00000000 00000000
00000000 00000000
00000000 00000000
00000000 00000000
00000000 00000000
00000000 00000000
801959B0 00000000
00000000 00000000
00000000 00000000
00000009 00000000
066600E8 00000184
00000000 00000000
80195A10 00000000
00000000 00000000
00000000 00000000
00000000 00000000
80195A28 00000000
00000000 00000000
00000000 00000000
00000000 00000000
80195A40 00000000
00000000 00000000
00000000 00000000
00000000 00000000
80195A58 00000000
00000000 00000000
00000000 00000000
00000000 00000000
80195A70 00000000
00000000 00000000
00000000 00000000
00000000 00000000
80195A88 00000000
00000000 00000000
00000000 00000000
00000000 00000000
80195AA0 00000000
00000000 00000000
00000000 00000000
00000000 00000000
80195AB8 00000000
00000000 00000000
00000000 00000000
00000000 00000000
00000000 00000000
00000000 00000000
00000000 00000000
00000001 8032C924
80194C24 00000000
00000000 8066026C
00000000 00000000
00000001 8032C908
80195AD0 00000000
00000000 8066026C
00000000 00000000
00000001 8032C908
80195AE4 00000000
00000000 806602D0
00000000 00000000
00000009 00000000
0666026C 00000064
00000000 00000000
80194C2C 00000000
00000000 00000000
00000000 00000000
00000000 00000000
00000000 00000000
00000000 00000000
00000000 00000000
00000003 00000000
80195980 00000000
8019A280 00000000
3F800000 40A00000
00000009 00000000
066602D0 00000064
00000000 00000000
801948FC 00000000
00000000 00000000
00000000 00000000
00000000 00000000
00000000 00000000
00000000 00000000
00000000 00000000
00000000 00000000
801959B0 00000000
00000000 00000000
00000000 00000000
00000009 00000000
06660334 00000164
00000000 00000000
80195B08 00000000
00000000 00000000
00000000 00000000
00000000 00000000
00000000 00000000
00000000 00000000
00000000 00000000
00000002 00000000
80195B18 80195B28
8019A284 00000000
40400000 3F800000
00000003 00000000
80195B48 00000000
8019A288 00000000
43FA0000 3F800000
00000002 00000000
80195B58 80195B60
8019A28C 00000000
40400000 3F800000
00000002 00000000
80195B80 80195B88
8019A290 00000000
40400000 3F800000
00000002 00000000
80195BA0 80195BA8
8019A294 00000000
40400000 3F800000
00000002 00000000
80195BCC 80195BD8
8019A298 00000000
40400000 3F800000
00000002 00000000
80195BF8 80195C04
8019A29C 00000000
40400000 3F800000
00000002 00000000
80195C24 80195C2C
8019A2A0 00000000
40400000 3F800000
00000002 00000000
80195C4C 80195C58
8019A2A4 00000000
40000000 3F800000
00000009 00000000
06660498 000001E4
00000000 00000000
80195C80 00000000
00000000 00000000
00000000 00000000
00000000 00000000
00000000 00000000
00000000 00000000
00000000 00000000
00000000 00000000
80195C90 00000000
00000000 00000000
00000000 00000000
00000000 00000000
80195CCC 00000000
00000000 00000000
00000000 00000000
00000000 00000000
80195D04 00000000
00000000 00000000
00000000 00000000
00000002 00000000
80195D50 80195D64
8019A2AC 00000000
40800000 3F800000
00000002 00000000
80195DA4 80195D64
8019A2B0 00000000
40800000 3F800000
00000002 00000000
80195DB0 80195D64
8019A2B4 00000000
40800000 3F800000
00000002 00000000
80195DC8 80195D64
8019A2B8 00000000
40800000 3F800000
00000002 00000000
80195DDC 80195D64
8019A2BC 00000000
40800000 3F800000
00000002 00000000
80195DE8 80195D64
8019A2C0 00000000
40800000 3F800000
00000000 00000000
00000000 00000000
00000000 00000000
00000000 00000000
00000002 00000000
80195DFC 80195D64
8019A2C4 00000000
40800000 3F800000
00000000 00000000
00000000 00000000
00000000 00000000
00000000 00000000
00000002 00000000
80195E08 80193048
8019A2C8 00000000
40000000 3F800000
00000009 00000000
0666067C 00000084
00000000 00000000
80195E38 00000000
00000000 00000000
00000000 00000000
00000000 00000000
00000000 00000000
00000000 00000000
00000000 00000000
00000000 00000000
80195E40 00000000
00000000 00000000
00000000 00000000
00000000 00000000
80195E5C 00000000
00000000 00000000
00000000 00000000
00000009 00000000
